cpu  7493 1616 6469 3368702 950 0 7 0 0 0
cpu0 2183 820 1643 841425 245 0 0 0 0 0
cpu1 1758 361 1581 842470 219 0 3 0 0 0
cpu2 1833 162 1566 842534 223 0 0 0 0 0
cpu3 1717 271 1678 842271 261 0 2 0 0 0
intr 1640450 0 23193 568995 0 0 0 0 0 0 0 937399 0 0 0 0 0 0 0 0 0 0 0 0 0 0 0 0 0 0 0 0 0 0 0 0 0 0 0 0 0 0 0 0 0 0 0 0 0 0 0 0 0 140 0 17405 19291 15734 37578 66 0 0 0 0 0 9554 9256 0 996 672 92 80
ctxt 3015576
btime 1676894976
processes 18849
procs_running 1
procs_blocked 0
softirq 424081 4 88055 5 17572 1923 0 135 155621 0 160766
