cpu  7494 1616 6471 3370842 950 0 7 0 0 0
cpu0 2183 820 1644 841961 245 0 0 0 0 0
cpu1 1758 361 1581 843005 219 0 3 0 0 0
cpu2 1833 162 1566 843070 223 0 0 0 0 0
cpu3 1718 271 1680 842804 261 0 2 0 0 0
intr 1641387 0 23200 569211 0 0 0 0 0 0 0 938098 0 0 0 0 0 0 0 0 0 0 0 0 0 0 0 0 0 0 0 0 0 0 0 0 0 0 0 0 0 0 0 0 0 0 0 0 0 0 0 0 0 140 0 17405 19291 15734 37578 66 0 0 0 0 0 9561 9263 0 996 672 92 80
ctxt 3017236
btime 1676894976
processes 18853
procs_running 1
procs_blocked 0
softirq 424318 4 88117 5 17583 1923 0 136 155718 0 160832
