cpu  7494 1616 6473 3372856 950 0 7 0 0 0
cpu0 2184 820 1644 842464 245 0 0 0 0 0
cpu1 1759 361 1581 843508 219 0 3 0 0 0
cpu2 1833 162 1566 843574 223 0 0 0 0 0
cpu3 1718 271 1680 843309 261 0 2 0 0 0
intr 1642231 0 23206 569420 0 0 0 0 0 0 0 938714 0 0 0 0 0 0 0 0 0 0 0 0 0 0 0 0 0 0 0 0 0 0 0 0 0 0 0 0 0 0 0 0 0 0 0 0 0 0 0 0 0 140 0 17405 19291 15734 37578 66 0 0 0 0 0 9568 9269 0 996 672 92 80
ctxt 3018697
btime 1676894976
processes 18857
procs_running 1
procs_blocked 0
softirq 424532 4 88173 5 17593 1923 0 137 155811 0 160886
